16
 0 0.0
 4 0.0
 8 0.0
12 0.0
 0 2.5
 4 2.5
 8 2.5
12 2.5
 0 5.0
 4 5.0
 8 5.0
12 5.0
 0 7.5
 4 7.5
 8 7.5
12 7.5
21 
0 1 5 20e9 0.1 8e-3 2500 0
0 2 6 20e9 0.1 8e-3 2500 0
0 3 7 20e9 0.1 8e-3 2500 0
0 4 8 20e9 0.1 8e-3 2500 0
0 5 6 25e9 0.1 9e-3 2500 0
0 6 7 25e9 0.1 9e-3 2500 0
0 7 8 25e9 0.1 9e-3 2500 0
0 5 9  20e9 0.1 8e-3 2500 0
0 6 10 20e9 0.1 8e-3 2500 0
0 7 11 20e9 0.1 8e-3 2500 0
0 8 12 20e9 0.1 8e-3 2500 0
0  9 10 25e9 0.1 9e-3 2500 0
0 10 11 25e9 0.1 9e-3 2500 0
0 11 12 25e9 0.1 9e-3 2500 0
0  9 13  20e9 0.1 8e-3 2500 0
0 10 14 20e9 0.1 8e-3 2500 0
0 11 15 20e9 0.1 8e-3 2500 0
0 12 16 20e9 0.1 8e-3 2500 0
0 13 14 25e9 0.1 9e-3 2500 0
0 14 15 25e9 0.1 9e-3 2500 0
0 15 16 25e9 0.1 9e-3 2500 0
8
1 1 0 0
1 2 0 0
2 1 0 0
2 2 0 0
3 1 0 0
3 2 0 0
4 1 0 0
4 2 0 0
1
2 1 0 0
5
5 2  30000 30000 0
7 2  30000 30000 0
13 2  30000 30000 0
19 2  30000 30000 0
21 2  30000 30000 0
